[gd_scene load_steps=4 format=2]

[ext_resource path="res://assets/GUI/Settings/gamepad/gamepad_model.tscn" type="PackedScene" id=1]

[sub_resource type="PlaneMesh" id=1]

[sub_resource type="SpatialMaterial" id=2]
albedo_color = Color( 0.905882, 0.737255, 0.419608, 1 )

[node name="root" type="Spatial"]
transform = Transform( 1, 0, 0, 0, 1, 0, 0, 0, 1, -0.982311, 0, 0 )

[node name="Camera" type="Camera" parent="."]
transform = Transform( 1, 0, 0, 0, 1, 0, 0, 0, 1, 0.310283, 2.18342, 3.94223 )
current = true
far = 30.0

[node name="DirectionalLight" type="DirectionalLight" parent="."]
transform = Transform( 1, 0, 0, 0, 0.908216, 0.418501, 0, -0.418501, 0.908216, 0, 4.21246, 6.59849 )
light_energy = 1.2
light_specular = 1.15

[node name="Spatial" parent="." instance=ExtResource( 1 )]
transform = Transform( 1, 0, 0, 0, 0.842875, -0.538109, 0, 0.538109, 0.842875, -0.0104566, 1.09254, -0.197181 )

[node name="DirectionalLight2" type="DirectionalLight" parent="."]
transform = Transform( -0.996371, -0.0356234, 0.0773086, 0, 0.908216, 0.418501, -0.0851214, 0.416982, -0.90492, 0, 4.21246, -1.37682 )
light_energy = 1.2
light_specular = 1.15

[node name="MeshInstance" type="MeshInstance" parent="."]
transform = Transform( 5.51435, 0, 0, 0, 0.344535, -5.23559, 0, 0.997842, 0.0656644, 0, 0, 0 )
visible = false
mesh = SubResource( 1 )
material/0 = SubResource( 2 )
